25
100
50
75
25
20
150
50
250
***********
1000
250
1000
250
250
500
2000
4000
2000
11000
1000
2000
2000
500
4000
4000
8000
125
2000
250
250
8000
500
4000
500
1000
500
250
500
500
1000
1000
1000
1000
1000
1000
1000
125
500
1000
1000
500
2000
1000
1000
2000
1000
1000
250
1000
2000
500
2000
8000
2000
4000
4000
4000
500
1000
250
1000
4000
4000
2000
1000
250
2000
500
1000
125
2000
8000
1000
125
2000
500
12000
1000
8000
1000
500
500
2000
125
4000
2000
2000
1000
1000
2000
4000
250
2000
4000
2000
8000
500
4000
4000
4000
1000
1000
125
2000
1000
2000
2000
8000
1000
2000
500
2000
4000
8000
4000
14000
500
250
500
4000
1000
12000
250
500
500
250
1000
250
1000
8000
1000
125
4000
8000
9000
4000
4000
9000
1000
2000
125
625
1000
4000
1300
2000
1000
1000
2000
1000
2000
2000
1000
250
2000
4000
4000
4000
4000
500
1000
4000
2000
500
250
500
4000
4000
4000
2000
2000
125
4000
1000
250
2000
8000
1000
10000
8000
500
2000
8000
500
1000
8000
2000
1000
250
2000
4000
2000
4000
4000
500
250
500
1000
125
11000
4000
4000
250
1000
2000
8000
2000
4000
1250
2000
2000
1000
1000
2000
